Klusters 
gaby
[3.0, 4.0, 2.0, 3.5, 3.5, 3.0, 4.0, 3.0, 0.0, 3.5, 2.5, 2.0, 0.0, 3.0, 4.5, 3.5, 3.0, 0.0, 4.0, 0.0, 0.0, 0.0, 1.0, 2.5, 1.0, 4.0, 2.0, 2.0, 3.0, 2.0, 5.0, 2.0, 0.0, 0.0, 0.0, 0.0, 3.0, 4.0, 2.0, 0.0, 4.0, 0.0, 2.5, 0.0, 0.0, 2.0, 2.0, 0.0, 0.0, 0.0, 2.0, 0.0, 0.0, 0.0, 0.0, 0.0, 0.0, 0.0, 0.0, 0.0, 2.0, 0.0, 0.0, 0.0, 0.0, 0.0, 0.0, 0.0, 0.0, 0.0, 0.0, 0.0, 0.0, 4.5, 0.0, 4.0, 0.0, 0.0, 0.0, 0.0, 0.0, 0.0, 0.0, 0.0, 0.0, 0.0, 0.0, 0.0, 0.0, 0.0, 0.0, 0.0, 0.0, 0.0, 2.0, 1.0, 0.0, 0.0, 0.0, 0.0, 0.0, 4.5, 0.0, 0.0, 0.0, 0.0, 0.0, 3.5, 0.0, 0.0, 0.0, 0.0, 0.0, 4.0, 0.0, 0.0, 0.0, 0.0, 0.0, 0.0, 0.0, 0.0, 0.0, 0.0, 2.5, 0.0, 0.0, 0.0, 0.0, 0.0, 0.0, 0.0, 0.0, 0.0, 3.0, 0.0, 0.0, 0.0, 0.0, 0.0, 5.0, 0.0, 0.0, 0.0, 0.0, 0.0, 0.0, 0.0, 0.0, 0.0, 3.0, 0.0, 0.0, 0.0, 0.0, 0.0, 0.0, 0.0, 0.0, 3.5, 0.0, 0.0, 0.0, 0.0, 0.0, 0.0, 0.0, 0.0, 0.0, 2.0, 0.0, 3.5, 0.0, 0.0, 0.0, 0.0, 0.0, 0.0, 0.0, 0.0, 0.0, 0.0, 0.0, 0.0, 0.0, 0.0, 0.0, 0.0, 0.0, 0.0, 0.0, 0.0, 0.0, 4.0, 0.0, 0.0, 0.0, 0.0, 0.0, 3.5, 0.0, 0.0, 0.0, 0.0, 0.0, 0.0, 0.0, 0.0, 0.0, 0.0, 0.0, 0.0, 0.0, 0.0, 0.0, 0.0, 0.0, 0.0, 0.0, 0.0, 0.0, 2.5, 0.0, 0.0, 0.0, 0.0, 4.5, 0.0, 0.0, 0.0, 2.0, 0.0, 0.0, 0.0, 0.0, 0.0, 0.0, 0.0, 0.0, 0.0, 2.5, 0.0, 0.0, 0.0, 0.0, 0.0, 0.0, 0.0, 0.0, 0.0, 0.0, 0.0, 0.0, 0.0, 0.0, 2.0, 0.0, 0.0, 0.0, 0.0, 0.0, 0.0, 0.0, 0.0, 0.0, 2.0, 0.0, 0.0, 0.0, 0.0, 0.0, 0.0, 0.0, 0.0, 0.0, 0.0, 0.0, 0.0, 0.0, 0.0, 0.0, 0.0, 0.0, 0.0, 0.0, 0.0, 0.0, 0.0, 0.0, 0.0, 0.0, 0.0, 0.0, 0.0, 3.0, 0.0, 0.0, 0.0, 0.0, 0.0, 0.0, 0.0, 0.0, 3.0, 0.0, 0.0, 0.0, 0.0, 0.0, 0.0, 0.0, 0.0, 0.0, 0.0, 0.0, 0.0, 0.0, 0.0, 2.5, 0.0, 0.0, 3.0, 4.0, 0.0, 0.0, 0.0, 0.0, 0.0, 2.0, 4.5, 2.5, 0.0, 0.0, 0.0, 0.0, 0.0, 0.0, 0.0, 1.0, 0.0, 0.0, 0.0, 3.0, 0.0, 0.0, 0.0, 0.0, 2.5, 0.0, 0.0, 0.0, 0.0, 4.0, 0.0, 0.0, 0.0, 0.0, 3.0, 0.0, 0.0, 0.0, 0.0, 3.5, 0.0, 0.0, 0.0, 2.0, 0.0, 0.0, 0.0, 3.0, 2.0, 0.0, 0.0, 0.0, 0.0, 0.0, 0.0, 0.0, 0.0, 0.0, 0.0, 0.0, 0.0, 0.0, 0.0, 2.5, 4.0, 0.0, 0.0, 0.0, 0.0, 0.0, 0.0, 0.0, 4.5, 0.0, 0.0, 0.0, 0.0, 0.0, 0.0, 0.0, 3.5, 0.0, 0.0, 0.0, 0.0, 0.0, 0.0, 0.0, 0.0, 0.0, 0.0, 0.0, 0.0, 2.5, 0.0, 0.0, 0.0, 0.0, 0.0, 0.0, 0.0, 0.0, 0.0, 3.5, 0.0, 0.0, 0.0, 0.0, 0.0, 3.0, 0.0, 0.0, 0.0, 3.0, 0.0, 0.0, 0.0, 0.0, 0.0, 0.0, 0.0, 0.0, 0.0, 0.0, 0.0, 4.0, 0.0, 0.0, 0.0, 0.0, 0.0, 2.5, 0.0, 0.0, 0.0, 0.0, 0.0, 0.0, 0.0, 0.0, 0.0, 0.0, 0.0, 0.0, 0.0, 3.0, 0.0, 0.0, 0.0, 0.0, 0.0, 0.0, 2.5, 0.0, 0.0, 0.0, 0.0, 0.0, 0.0, 0.0, 0.0, 4.0, 0.0, 0.0, 0.0, 0.0, 0.0, 0.0, 0.0, 0.0, 0.0, 0.0, 0.0, 0.0, 0.0, 0.0, 0.0, 0.0, 0.0, 0.0, 0.0, 0.0, 0.0, 0.0, 0.0, 0.0, 0.0, 0.0, 0.0, 3.5, 0.0, 0.0, 0.0, 0.0, 0.0, 0.0, 0.0, 3.5, 0.0, 0.0, 0.0, 0.0, 0.0, 0.0, 2.0, 0.0, 0.0, 0.0, 0.0, 0.0, 3.0, 0.0, 0.0, 0.0, 4.5, 0.0, 0.0, 0.0, 0.0, 0.0, 0.0, 0.0, 0.0, 0.0, 0.0, 0.0, 0.0, 0.0, 0.0, 0.0, 0.0, 0.0, 0.0, 0.0, 0.0, 0.0, 0.0, 1.0, 0.0, 0.0, 0.0, 0.0, 0.0, 0.0, 0.0, 1.0, 0.0, 0.0, 1.0, 0.0, 0.0, 0.0, 0.0, 0.0, 0.0, 0.0, 0.0, 0.0, 0.0, 4.0, 0.0, 0.0, 0.0, 0.0, 0.0, 0.0, 0.0, 0.0, 5.0, 0.0, 0.0, 0.0, 0.0, 0.0, 0.0, 0.0, 0.0, 0.0, 0.0, 0.0, 0.0, 0.0, 0.0, 0.0, 0.0, 0.0, 0.0, 0.0, 0.0, 0.0, 0.0, 0.0, 0.0, 0.0, 0.0, 0.0, 0.0, 4.0, 0.0, 0.0, 0.0, 0.0, 0.0, 0.0, 0.0, 0.0, 3.0, 0.0, 0.0, 0.0, 3.0, 0.0, 0.0, 0.0, 0.0, 0.0, 2.5, 0.0, 0.0, 0.0, 0.0, 0.0, 0.0, 0.0, 2.5, 0.0, 0.0, 0.0, 0.0, 0.0, 0.0, 0.0, 0.0, 0.0, 3.0, 0.0, 0.0, 0.0, 0.0, 0.0, 0.0, 4.5, 0.0, 0.0, 0.0, 0.0, 0.0, 0.0, 0.0, 0.0, 0.0, 0.0, 0.0, 0.0, 0.0, 0.0, 0.0, 3.0, 0.0, 0.0, 0.0, 0.0, 0.0, 0.0, 0.0, 0.0, 0.0, 4.5, 0.0, 0.0, 0.0, 4.0, 0.0, 0.0, 0.0, 4.0, 0.0, 0.0, 0.0, 0.0, 0.0, 0.0, 4.0, 0.0, 0.0, 0.0, 0.0, 0.0, 0.0, 0.0, 2.0, 0.0, 0.0, 0.0, 0.0, 0.0, 2.5, 0.0, 0.0, 0.0, 0.0, 3.5, 0.0, 0.0, 3.0, 0.0, 0.0, 0.0, 0.0, 0.0, 0.0, 0.0, 0.0, 0.0, 0.0, 0.0, 4.0, 0.0, 0.0, 0.0, 0.0, 1.0, 0.0, 0.0, 0.0, 2.5]
Kl :: 25
# Of Users
102
Dark Knight The (2008)                          4.402778
Eternal Sunshine of the Spotless Mind (2004)    4.214286
Forrest Gump (1994)                             4.192308
Pulp Fiction (1994)                             4.163265
Fight Club (1999)                               4.109375
Inception (2010)                                4.060976
Silence of the Lambs The (1991)                 4.055556
Schindler's List (1993)                         4.009091
Lord of the Rings: The Two Towers The (2002)    3.988636
Memento (2000)                                  3.941176
Braveheart (1995)                               3.728571
Sixth Sense The (1999)                          3.720588


georg
[2.0, 2.0, 1.0, 2.0, 0.0, 0.0, 0.0, 0.0, 0.0, 0.0, 3.0, 0.0, 0.0, 0.0, 0.0, 0.0, 3.0, 0.0, 0.0, 0.0, 0.0, 0.0, 1.0, 0.0, 0.0, 0.0, 0.0, 0.0, 0.0, 2.0, 0.0, 0.0, 0.0, 0.0, 0.0, 3.0, 0.0, 0.0, 0.0, 0.0, 0.0, 0.0, 4.0, 0.0, 2.0, 2.0, 0.0, 0.0, 0.0, 0.0, 0.0, 0.0, 0.0, 0.0, 0.0, 0.0, 4.0, 0.0, 0.0, 0.0, 0.0, 0.0, 0.0, 0.0, 0.0, 0.0, 0.0, 0.0, 3.0, 0.0, 0.0, 0.0, 0.0, 4.0, 0.0, 0.0, 0.0, 0.0, 3.0, 4.0, 3.0, 2.0, 0.0, 0.0, 0.0, 0.0, 0.0, 0.0, 0.0, 0.0, 0.0, 0.0, 0.0, 2.0, 0.0, 0.0, 0.0, 0.0, 0.0, 1.0, 0.0, 0.0, 0.0, 0.0, 0.0, 0.0, 0.0, 0.0, 0.0, 0.0, 0.0, 0.0, 0.0, 2.0, 0.0, 0.0, 0.0, 0.0, 0.0, 0.0, 0.0, 0.0, 0.0, 0.0, 0.0, 0.0, 0.0, 0.0, 0.0, 0.0, 0.0, 0.0, 2.0, 0.0, 0.0, 0.0, 3.0, 0.0, 2.0, 0.0, 0.0, 0.0, 0.0, 0.0, 0.0, 1.0, 0.0, 0.0, 0.0, 0.0, 0.0, 0.0, 0.0, 3.0, 0.0, 0.0, 1.0, 1.0, 3.0, 2.0, 0.0, 0.0, 0.0, 0.0, 0.0, 0.0, 0.0, 0.0, 0.0, 3.0, 0.0, 0.0, 0.0, 0.0, 3.0, 0.0, 0.0, 0.0, 0.0, 0.0, 0.0, 0.0, 0.0, 0.0, 0.0, 4.0, 0.0, 0.0, 0.0, 0.0, 0.0, 4.0, 0.0, 4.0, 3.0, 4.0, 0.0, 0.0, 0.0, 4.0, 0.0, 0.0, 0.0, 2.0, 0.0, 0.0, 0.0, 0.0, 0.0, 0.0, 0.0, 0.0, 0.0, 4.0, 0.0, 0.0, 2.0, 0.0, 0.0, 0.0, 0.0, 3.0, 3.0, 0.0, 0.0, 1.0, 0.0, 0.0, 0.0, 0.0, 0.0, 0.0, 0.0, 0.0, 3.0, 0.0, 0.0, 0.0, 0.0, 0.0, 1.0, 1.0, 0.0, 0.0, 2.0, 0.0, 0.0, 0.0, 0.0, 0.0, 2.0, 0.0, 0.0, 0.0, 0.0, 1.0, 0.0, 0.0, 0.0, 0.0, 0.0, 2.0, 0.0, 0.0, 0.0, 1.0, 0.0, 0.0, 0.0, 0.0, 0.0, 3.0, 0.0, 0.0, 0.0, 0.0, 3.0, 1.0, 0.0, 0.0, 0.0, 0.0, 0.0, 0.0, 0.0, 4.0, 0.0, 0.0, 0.0, 0.0, 0.0, 0.0, 1.0, 0.0, 0.0, 0.0, 0.0, 0.0, 0.0, 0.0, 0.0, 0.0, 1.0, 3.0, 0.0, 3.0, 0.0, 0.0, 2.0, 0.0, 0.0, 0.0, 0.0, 0.0, 0.0, 0.0, 0.0, 0.0, 1.0, 0.0, 0.0, 1.0, 1.0, 0.0, 0.0, 0.0, 0.0, 3.0, 0.0, 2.0, 4.0, 1.0, 0.0, 2.0, 0.0, 0.0, 1.0, 0.0, 1.0, 0.0, 3.0, 0.0, 0.0, 0.0, 0.0, 2.0, 0.0, 0.0, 0.0, 0.0, 0.0, 0.0, 0.0, 0.0, 0.0, 0.0, 0.0, 0.0, 0.0, 4.0, 0.0, 0.0, 0.0, 0.0, 0.0, 0.0, 0.0, 4.0, 0.0, 0.0, 0.0, 0.0, 0.0, 1.0, 0.0, 0.0, 0.0, 0.0, 0.0, 1.0, 0.0, 0.0, 4.0, 0.0, 0.0, 0.0, 4.0, 4.0, 0.0, 0.0, 0.0, 0.0, 0.0, 2.0, 0.0, 0.0, 0.0, 0.0, 0.0, 0.0, 0.0, 0.0, 0.0, 0.0, 0.0, 0.0, 0.0, 0.0, 4.0, 0.0, 0.0, 0.0, 0.0, 0.0, 0.0, 0.0, 3.0, 0.0, 0.0, 0.0, 0.0, 0.0, 0.0, 0.0, 0.0, 3.0, 0.0, 0.0, 0.0, 0.0, 0.0, 0.0, 2.0, 0.0, 0.0, 0.0, 0.0, 0.0, 0.0, 4.0, 0.0, 0.0, 0.0, 4.0, 0.0, 0.0, 0.0, 0.0, 0.0, 0.0, 0.0, 0.0, 4.0, 0.0, 0.0, 0.0, 0.0, 0.0, 0.0, 2.0, 0.0, 0.0, 0.0, 0.0, 0.0, 0.0, 0.0, 0.0, 0.0, 0.0, 0.0, 0.0, 0.0, 0.0, 2.0, 1.0, 0.0, 0.0, 0.0, 0.0, 0.0, 0.0, 0.0, 0.0, 0.0, 0.0, 0.0, 3.0, 0.0, 0.0, 0.0, 0.0, 0.0, 0.0, 0.0, 0.0, 0.0, 2.0, 0.0, 0.0, 0.0, 0.0, 0.0, 0.0, 0.0, 0.0, 0.0, 0.0, 4.0, 0.0, 0.0, 0.0, 0.0, 0.0, 0.0, 0.0, 0.0, 0.0, 0.0, 0.0, 0.0, 0.0, 0.0, 0.0, 0.0, 0.0, 0.0, 0.0, 0.0, 0.0, 0.0, 0.0, 0.0, 0.0, 0.0, 0.0, 0.0, 0.0, 0.0, 0.0, 0.0, 0.0, 0.0, 0.0, 0.0, 0.0, 0.0, 0.0, 0.0, 0.0, 0.0, 2.0, 0.0, 3.0, 0.0, 0.0, 0.0, 0.0, 0.0, 0.0, 1.0, 2.0, 0.0, 0.0, 0.0, 0.0, 0.0, 0.0, 0.0, 0.0, 0.0, 1.0, 0.0, 0.0, 0.0, 0.0, 0.0, 0.0, 0.0, 0.0, 0.0, 3.0, 0.0, 0.0, 0.0, 0.0, 0.0, 0.0, 4.0, 0.0, 1.0, 0.0, 0.0, 0.0, 0.0, 0.0, 0.0, 0.0, 0.0, 0.0, 3.0, 4.0, 0.0, 0.0, 0.0, 0.0, 0.0, 0.0, 0.0, 0.0, 0.0, 2.0, 0.0, 3.0, 3.0, 0.0, 0.0, 3.0, 0.0, 0.0, 0.0, 0.0, 0.0, 4.0, 0.0, 0.0, 0.0, 0.0, 3.0, 0.0, 0.0, 0.0, 1.0, 1.0, 2.0, 0.0, 0.0, 0.0, 0.0, 2.0, 3.0, 0.0, 3.0, 4.0, 0.0, 0.0, 0.0, 0.0, 0.0, 0.0, 0.0, 0.0, 0.0, 0.0, 0.0, 0.0, 0.0, 2.0, 0.0, 3.0, 0.0, 0.0, 0.0, 0.0, 0.0, 0.0, 0.0, 0.0, 2.0, 0.0, 0.0, 0.0, 0.0, 0.0, 0.0, 0.0, 0.0, 0.0, 0.0, 0.0, 0.0, 0.0, 0.0, 0.0, 0.0, 0.0, 0.0, 0.0, 0.0, 0.0, 0.0, 0.0, 0.0, 0.0, 0.0, 0.0, 0.0, 0.0, 0.0, 0.0, 0.0, 3.0, 0.0, 4.0, 0.0, 2.0, 4.0, 0.0, 0.0, 0.0, 0.0, 0.0, 2.0, 3.5, 0.0, 0.0, 0.0, 0.0, 0.0, 0.0, 0.0, 0.0, 0.0, 0.0, 1.0, 0.0, 0.0, 1.0, 0.0, 0.0, 0.0, 0.0, 0.0, 0.0, 0.0, 2.0, 0.0, 0.0, 0.0, 4.0, 0.0, 0.0, 0.0, 0.0, 0.0, 4.0, 0.0, 0.0, 1.0]
Kl :: 25
# Of Users
65
Gladiator (2000)                                                                  4.540000
Raiders of the Lost Ark (Indiana Jones and the Raiders of the Lost Ark) (1981)    4.500000
Dark Knight The (2008)                                                            4.424242
Pulp Fiction (1994)                                                               4.424242
Fight Club (1999)                                                                 4.395349
Star Wars: Episode VI - Return of the Jedi (1983)                                 4.375000
Star Wars: Episode IV - A New Hope (1977)                                         4.342857
Saving Private Ryan (1998)                                                        4.339286
Star Wars: Episode V - The Empire Strikes Back (1980)                             4.326923
Inception (2010)                                                                  4.250000
Lord of the Rings: The Fellowship of the Ring The (2001)                          4.192308
Eternal Sunshine of the Spotless Mind (2004)                                      4.181818
Lord of the Rings: The Two Towers The (2002)                                      4.161765
Terminator 2: Judgment Day (1991)                                                 4.160000
Braveheart (1995)                                                                 4.148148
Sixth Sense The (1999)                                                            4.113636
Memento (2000)                                                                    3.946429


ray
[4.0, 0.0, 1.0, 2.5, 0.0, 0.0, 0.0, 0.0, 0.0, 0.0, 3.5, 0.0, 0.0, 0.0, 0.0, 0.0, 4.0, 0.0, 0.0, 0.0, 0.0, 0.0, 2.5, 0.0, 0.0, 0.0, 0.0, 2.0, 0.0, 0.0, 0.0, 0.0, 0.0, 0.0, 0.0, 0.0, 0.0, 0.0, 0.0, 0.0, 0.0, 0.0, 0.0, 0.0, 0.0, 0.0, 0.0, 2.5, 0.0, 0.0, 0.0, 0.0, 0.0, 0.0, 0.0, 0.0, 3.5, 0.0, 0.0, 0.0, 0.0, 0.0, 3.0, 0.0, 0.0, 0.0, 0.0, 0.0, 0.0, 0.0, 0.0, 0.0, 0.0, 3.5, 0.0, 0.0, 0.0, 0.0, 4.0, 3.0, 0.0, 0.0, 0.0, 0.0, 0.0, 0.0, 0.0, 0.0, 0.0, 0.0, 0.0, 0.0, 0.0, 0.0, 0.0, 0.0, 0.0, 0.0, 0.0, 3.5, 0.0, 0.0, 0.0, 0.0, 0.0, 0.0, 0.0, 0.0, 0.0, 0.0, 0.0, 0.0, 0.0, 4.0, 0.0, 0.0, 0.0, 0.0, 3.0, 0.0, 0.0, 0.0, 0.0, 4.0, 3.0, 0.0, 0.0, 0.0, 0.0, 0.0, 0.0, 0.0, 4.0, 0.0, 0.0, 0.0, 0.0, 0.0, 3.5, 0.0, 0.0, 0.0, 0.0, 0.0, 0.0, 4.5, 0.0, 0.0, 0.0, 0.0, 0.0, 0.0, 0.0, 0.0, 0.0, 0.0, 3.0, 0.0, 0.0, 0.0, 0.0, 0.0, 0.0, 0.0, 0.0, 0.0, 0.0, 0.0, 0.0, 0.0, 0.0, 4.5, 0.0, 5.0, 0.0, 5.0, 0.0, 2.5, 0.0, 0.0, 0.0, 0.0, 0.0, 0.0, 0.0, 4.0, 0.0, 0.0, 0.0, 0.0, 4.0, 0.0, 0.0, 0.0, 0.0, 0.0, 0.0, 3.0, 0.0, 0.0, 0.0, 0.0, 0.0, 0.0, 0.0, 0.0, 0.0, 3.0, 0.0, 0.0, 0.0, 0.0, 0.0, 4.5, 3.0, 0.0, 0.0, 0.0, 0.0, 2.5, 0.0, 0.0, 0.0, 0.0, 0.0, 0.0, 3.5, 0.0, 0.0, 0.0, 0.0, 0.0, 0.0, 0.0, 0.0, 0.0, 0.0, 0.0, 0.0, 0.0, 1.0, 0.0, 0.0, 0.0, 0.0, 0.0, 0.0, 0.0, 0.0, 0.0, 4.0, 0.0, 0.0, 0.0, 0.0, 0.0, 0.0, 0.0, 0.0, 0.0, 0.0, 0.0, 4.0, 0.0, 0.0, 0.0, 0.0, 0.0, 0.0, 3.5, 0.0, 0.0, 0.0, 0.0, 0.0, 3.0, 0.0, 0.0, 0.0, 0.0, 3.5, 0.0, 0.0, 0.0, 0.0, 4.0, 0.0, 0.0, 0.0, 0.0, 0.0, 0.0, 3.0, 0.0, 0.0, 0.0, 0.0, 0.0, 0.0, 0.0, 0.0, 0.0, 0.0, 3.0, 0.0, 0.0, 0.0, 0.0, 0.0, 0.0, 0.0, 0.0, 0.0, 0.0, 0.0, 0.0, 0.0, 0.0, 2.5, 0.0, 0.0, 0.0, 0.0, 0.0, 0.0, 0.0, 4.5, 0.0, 0.0, 0.0, 3.5, 3.0, 0.0, 0.0, 0.0, 0.0, 0.0, 0.0, 3.5, 0.0, 0.0, 0.0, 0.0, 0.0, 0.0, 0.0, 0.0, 0.0, 0.0, 0.0, 0.0, 3.5, 0.0, 0.0, 0.0, 0.0, 4.0, 0.0, 0.0, 0.0, 0.0, 0.0, 0.0, 0.0, 0.0, 0.0, 0.0, 0.0, 0.0, 0.0, 0.0, 0.0, 0.0, 0.0, 0.0, 0.0, 0.0, 0.0, 0.0, 0.0, 0.0, 0.0, 0.0, 0.0, 0.0, 0.0, 0.0, 0.0, 0.0, 0.0, 0.0, 0.0, 0.5, 0.0, 0.0, 0.0, 0.0, 0.0, 0.0, 0.0, 0.0, 0.0, 0.0, 0.0, 0.0, 0.0, 0.0, 0.0, 0.0, 0.0, 0.0, 1.5, 0.0, 0.0, 1.5, 0.0, 0.0, 0.0, 0.0, 2.5, 0.0, 0.0, 0.0, 0.0, 0.0, 0.0, 0.0, 0.0, 0.0, 0.0, 0.0, 0.0, 0.0, 3.0, 3.0, 4.0, 0.0, 4.0, 0.0, 5.0, 0.0, 0.0, 0.0, 0.0, 0.0, 0.0, 0.0, 0.0, 0.0, 0.0, 0.0, 0.0, 0.0, 0.0, 0.0, 0.0, 0.0, 0.0, 0.0, 0.0, 0.0, 0.0, 0.0, 4.0, 0.0, 0.0, 0.0, 0.0, 3.5, 0.0, 0.0, 0.0, 0.0, 4.0, 4.0, 0.0, 0.0, 0.0, 0.0, 0.0, 2.5, 0.0, 0.0, 0.0, 0.0, 2.5, 0.0, 0.0, 0.0, 0.0, 0.0, 0.0, 0.0, 0.0, 0.0, 0.0, 2.0, 3.0, 4.5, 0.0, 0.0, 0.0, 0.0, 0.0, 0.0, 0.0, 0.0, 0.0, 4.0, 0.0, 4.0, 3.0, 3.5, 0.0, 0.0, 0.0, 0.0, 0.0, 0.0, 0.0, 0.0, 0.0, 0.0, 0.0, 0.0, 0.0, 0.0, 0.0, 0.0, 0.0, 0.0, 4.5, 4.0, 0.0, 0.0, 0.0, 0.0, 3.0, 0.0, 0.0, 0.0, 0.0, 0.0, 0.0, 3.0, 0.0, 0.0, 0.0, 0.0, 2.0, 0.0, 0.0, 2.5, 0.0, 0.0, 0.0, 1.5, 0.0, 0.0, 0.0, 1.5, 0.0, 0.0, 0.0, 0.0, 0.0, 0.0, 4.5, 0.0, 0.0, 2.0, 2.0, 0.0, 0.0, 0.0, 0.0, 0.0, 0.0, 4.5, 0.0, 0.0, 4.0, 3.5, 0.0, 0.0, 3.0, 3.0, 0.0, 0.0, 0.0, 3.0, 0.0, 0.0, 0.0, 0.0, 0.0, 0.0, 0.0, 0.0, 0.0, 0.0, 0.0, 0.0, 0.0, 0.0, 0.0, 0.0, 0.0, 0.0, 0.0, 0.0, 0.0, 0.0, 0.0, 0.0, 0.0, 0.0, 0.0, 0.0, 0.0, 3.0, 0.0, 0.0, 0.0, 0.0, 0.0, 0.0, 0.0, 0.0, 0.0, 0.0, 0.0, 3.5, 0.0, 0.0, 0.0, 0.0, 3.5, 3.5, 0.0, 0.0, 0.0, 4.0, 2.5, 0.0, 0.0, 0.0, 0.0, 3.0, 3.0, 0.0, 2.5, 0.0, 0.0, 0.0, 0.0, 5.0, 4.0, 2.0, 0.0, 0.0, 0.0, 3.0, 0.0, 0.0, 0.0, 0.0, 0.0, 3.5, 0.0, 0.0, 0.0, 0.0, 0.0, 2.5, 0.0, 0.0, 0.0, 3.5, 0.0, 0.0, 0.0, 0.0, 0.0, 3.5, 0.0, 0.0, 0.0, 0.0, 3.5, 0.0, 0.0, 3.0, 0.0, 4.0, 4.5, 0.0, 3.0, 0.0, 0.0, 0.0, 0.0, 0.0, 0.0, 0.0, 3.0, 2.5, 0.0, 0.0, 3.5, 0.0, 0.0, 0.0, 2.0, 3.5, 0.0, 0.0, 0.0, 0.0, 4.0, 0.0, 0.0, 0.0, 0.0, 3.5, 0.0, 0.5, 2.0, 0.0, 0.0, 0.0, 0.0, 3.0, 0.0, 3.5, 4.5, 0.0, 0.0, 0.0, 4.5, 0.0, 0.0, 0.0, 3.0, 0.0, 0.0, 0.0, 0.0, 2.0]
Kl :: 48
# Of Users
50
Finding Nemo (2003)                                              4.239130
Lion King The (1994)                                             4.159091
Lord of the Rings: The Fellowship of the Ring The (2001)         4.157895
Beautiful Mind A (2001)                                          4.125000
American Beauty (1999)                                           4.083333
Shrek (2001)                                                     4.080645
Beauty and the Beast (1991)                                      4.062500
Lord of the Rings: The Two Towers The (2002)                     4.047619
Star Wars: Episode IV - A New Hope (1977)                        4.000000
Toy Story (995)                                                  3.979167
Pirates of the Caribbean: The Curse of the Black Pearl (2003)    3.934783
Memento (2000)                                                   3.916667
Princess Bride The (1987)                                        3.911765
Silence of the Lambs The (1991)                                  3.888889
Schindler's List (1993)                                          3.863636
Back to the Future (1985)                                        3.857143
Matrix The (1999)                                                3.847826
Fight Club (1999)                                                3.823529
Aladdin (1992)                                                   3.818182
Mrs. Doubtfire (1993)                                            3.736842
Bridget Jones's Diary (2001)                                     3.735294
Shakespeare in Love (1998)                                       3.694444
There's Something About Mary (1998)                              3.500000
Meet the Parents (2000)                                          3.473684
Speed (1994)                                                     3.470588
Pulp Fiction (1994)                                              3.361111
Sleepless in Seattle (1993)                                      3.323529
Independence Day (a.k.a. ID4) (1996)                             3.261905
Men in Black (a.k.a. MIB) (1997)                                 3.148148
Braveheart (1995)                                                3.026316
Austin Powers: The Spy Who Shagged Me (1999)                     2.681818



Rodrigo
[3.5, 0.0, 3.0, 2.5, 0.0, 0.0, 0.0, 0.0, 0.0, 0.0, 4.0, 0.0, 0.0, 0.0, 0.0, 0.0, 4.0, 0.0, 3.5, 0.0, 3.5, 0.0, 0.0, 0.0, 4.0, 0.0, 0.0, 0.0, 0.0, 2.5, 0.0, 0.0, 0.0, 0.0, 2.0, 3.5, 0.0, 0.0, 0.0, 0.0, 0.0, 0.0, 4.0, 0.0, 0.0, 2.5, 0.0, 0.0, 0.0, 0.0, 0.0, 0.0, 0.0, 0.0, 0.0, 0.0, 3.5, 0.0, 0.0, 0.0, 0.0, 0.0, 2.5, 2.0, 4.5, 2.0, 0.0, 0.0, 0.0, 0.0, 0.0, 0.0, 0.0, 0.0, 4.0, 0.0, 0.0, 0.0, 0.0, 4.0, 0.0, 0.0, 0.0, 0.0, 0.0, 0.0, 0.0, 0.0, 0.0, 2.5, 0.0, 0.0, 0.0, 0.0, 0.0, 1.5, 0.0, 0.0, 0.0, 0.0, 0.0, 4.0, 0.0, 0.0, 0.0, 0.0, 0.0, 3.0, 0.0, 0.0, 0.0, 0.0, 0.0, 4.0, 0.0, 0.0, 0.0, 0.0, 3.0, 0.0, 0.0, 0.0, 0.0, 0.0, 3.0, 0.0, 0.0, 0.0, 2.0, 0.0, 0.0, 0.0, 0.0, 0.0, 3.0, 0.0, 0.0, 0.0, 0.0, 3.0, 0.0, 0.0, 0.0, 0.0, 0.0, 3.0, 0.0, 0.0, 0.0, 0.0, 0.0, 0.0, 0.0, 2.5, 0.0, 0.0, 0.0, 0.0, 0.0, 0.0, 0.0, 0.0, 4.0, 0.0, 0.0, 0.0, 0.0, 0.0, 0.0, 1.0, 0.0, 0.0, 0.0, 0.0, 1.5, 0.0, 0.0, 0.0, 0.0, 4.0, 0.0, 0.0, 0.0, 0.0, 0.0, 3.5, 0.0, 0.0, 0.0, 0.0, 4.0, 0.0, 0.0, 0.0, 0.0, 0.0, 0.0, 1.0, 2.5, 0.0, 0.0, 0.0, 0.0, 0.0, 0.0, 0.0, 0.0, 3.0, 0.0, 0.0, 0.0, 0.0, 0.0, 4.5, 0.0, 0.0, 0.0, 0.0, 0.0, 0.0, 0.0, 3.5, 0.0, 0.0, 0.0, 0.0, 4.0, 0.0, 0.0, 0.0, 0.0, 0.0, 0.0, 0.0, 0.0, 0.0, 0.0, 0.0, 0.0, 0.0, 0.0, 0.0, 0.0, 0.0, 1.5, 0.0, 0.0, 0.0, 0.0, 0.0, 2.5, 0.0, 0.0, 0.0, 0.0, 0.0, 0.0, 0.0, 0.0, 0.0, 0.0, 1.5, 0.0, 0.0, 2.5, 0.0, 0.0, 0.0, 0.0, 0.0, 0.0, 0.0, 2.0, 2.0, 0.0, 0.0, 0.0, 0.0, 0.0, 0.0, 0.0, 0.0, 0.0, 0.0, 0.0, 0.0, 0.0, 0.0, 0.0, 0.0, 0.0, 0.0, 0.0, 0.0, 0.0, 0.0, 0.0, 0.0, 0.0, 0.0, 0.0, 0.0, 0.0, 0.0, 0.0, 0.0, 0.0, 0.0, 0.0, 0.0, 0.0, 0.0, 0.0, 0.0, 0.0, 0.0, 0.0, 0.0, 0.0, 0.0, 0.0, 0.0, 0.0, 0.0, 0.0, 0.0, 0.0, 0.0, 0.0, 0.0, 0.0, 0.0, 0.0, 0.0, 0.0, 0.0, 0.0, 0.0, 0.0, 0.0, 0.0, 0.0, 0.0, 0.0, 0.0, 0.0, 0.0, 0.0, 0.0, 0.0, 0.0, 0.0, 0.0, 0.0, 0.0, 0.0, 0.0, 0.0, 3.5, 0.0, 0.0, 0.0, 0.0, 0.0, 0.0, 0.0, 0.0, 0.0, 0.0, 0.0, 1.0, 0.0, 0.0, 0.0, 0.0, 0.0, 3.0, 0.0, 0.0, 0.0, 0.0, 0.0, 0.0, 0.0, 0.0, 0.0, 0.0, 0.0, 0.0, 0.0, 0.0, 0.0, 0.0, 0.0, 0.5, 0.0, 0.0, 0.0, 0.0, 0.0, 0.0, 0.0, 0.0, 0.0, 0.0, 0.0, 0.0, 0.0, 0.0, 0.0, 0.0, 0.0, 0.0, 0.0, 0.5, 3.0, 0.0, 0.0, 0.0, 0.0, 0.0, 0.0, 0.0, 4.0, 3.0, 0.0, 0.0, 0.0, 0.0, 0.0, 0.0, 0.0, 0.0, 0.0, 0.0, 0.0, 0.0, 0.0, 0.0, 0.0, 0.0, 0.0, 0.0, 3.5, 0.0, 0.0, 0.0, 0.0, 4.0, 0.0, 0.0, 0.0, 0.0, 0.0, 0.0, 0.0, 0.0, 0.0, 3.0, 0.0, 0.0, 0.0, 0.0, 0.0, 0.0, 0.0, 0.0, 0.0, 2.0, 0.0, 0.0, 0.0, 0.0, 0.0, 0.0, 0.0, 0.0, 0.0, 0.0, 0.0, 3.5, 0.0, 0.0, 0.0, 0.0, 0.0, 0.0, 0.0, 0.0, 0.0, 0.0, 0.0, 0.0, 0.0, 0.0, 0.0, 0.5, 3.0, 0.0, 4.0, 0.0, 2.0, 0.0, 0.0, 2.5, 0.0, 0.0, 2.0, 0.0, 0.0, 0.0, 0.0, 0.0, 0.0, 0.0, 0.0, 0.0, 0.0, 0.0, 0.0, 0.0, 0.0, 0.0, 0.0, 0.0, 0.0, 0.0, 0.0, 0.0, 0.0, 0.0, 0.0, 0.0, 0.0, 0.0, 0.0, 0.0, 0.0, 0.0, 0.0, 0.0, 0.0, 0.0, 0.0, 2.5, 0.0, 0.0, 0.0, 0.0, 0.0, 0.0, 0.0, 3.0, 0.0, 0.0, 0.0, 0.0, 0.0, 0.0, 0.0, 1.0, 2.5, 1.0, 0.0, 0.0, 0.0, 0.0, 0.0, 3.0, 0.0, 2.5, 0.0, 0.0, 0.0, 0.0, 4.5, 0.0, 0.0, 0.0, 2.0, 0.0, 0.0, 0.0, 0.0, 0.0, 4.0, 0.0, 0.0, 4.0, 0.0, 0.0, 0.0, 4.0, 0.0, 0.0, 0.0, 1.0, 0.0, 0.0, 2.0, 2.5, 2.0, 0.0, 3.5, 0.0, 0.0, 0.0, 3.0, 0.0, 0.0, 0.0, 0.0, 0.0, 3.5, 0.0, 0.0, 0.0, 0.0, 0.0, 0.0, 0.0, 0.0, 3.5, 0.0, 0.0, 0.0, 0.0, 0.0, 3.0, 0.0, 0.0, 0.0, 0.0, 0.0, 0.0, 0.0, 0.0, 0.0, 0.0, 4.0, 3.5, 0.0, 0.0, 0.0, 0.0, 0.0, 0.0, 0.0, 0.0, 0.0, 0.0, 0.0, 0.0, 0.0, 0.0, 0.0, 0.0, 0.0, 0.0, 1.0, 0.0, 0.0, 0.0, 0.0, 0.0, 0.0, 0.0, 0.0, 0.0, 0.0, 0.0, 0.0, 0.0, 0.0, 0.0, 0.0, 0.0, 0.0, 0.0, 0.0, 0.0, 0.0, 0.0, 0.0, 0.0, 0.0, 0.0, 0.0, 0.0, 0.0, 0.0, 0.0, 0.0, 0.0, 0.0, 0.0, 0.0, 0.0, 0.0, 0.0, 0.0, 0.0, 0.0, 0.0, 0.0, 0.0, 0.0, 0.0, 0.0, 0.0, 0.0, 0.0, 0.0, 0.0, 0.0, 0.0, 0.0, 0.0, 0.0, 0.0, 0.0, 2.5, 0.0, 0.0, 0.0, 0.0, 0.0, 0.0, 0.0, 0.0, 0.0, 0.0, 2.5, 0.0, 0.0, 4.0, 0.0, 0.0, 0.0, 0.0, 0.0, 0.0, 0.0, 0.0, 0.0, 0.0, 0.0, 0.0, 2.0]
Kl :: 3
# Of Users
222
Dark Knight The (2008)                                    4.435484
Rear Window (1954)                                        4.352941
Matrix The (1999)                                         4.261538
Harry Potter and the Prisoner of Azkaban (2004)           4.250000
One Flew Over the Cuckoo's Nest (1975)                    4.239130
Spirited Away (Sen to Chihiro no kamikakushi) (2001)      4.205882
Fargo (1996)                                              4.194444
Good Will Hunting (1997)                                  4.166667
Forrest Gump (1994)                                       4.116667
Fight Club (1999)                                         4.111111
Crouching Tiger Hidden Dragon (Wo hu cang long) (2000)    4.100000
Beauty and the Beast (1991)                               4.100000
Incredibles The (2004)                                    4.095238
Saving Private Ryan (1998)                                4.094595
Iron Man (2008)                                           4.093750
Apollo 13 (1995)                                          4.088235
Gladiator (2000)                                          4.068966
Eternal Sunshine of the Spotless Mind (2004)              4.068182
Monsters Inc. (2001)                                      4.053571
Interstellar (2014)                                       4.050000
Batman Begins (2005)                                      4.033333
WALL·E (2008)                                             4.033333
Lord of the Rings: The Return of the King The (2003)      4.000000
Lion King The (1994)                                      4.000000
Harry Potter and the Half-Blood Prince (2009)             4.000000
Princess Bride The (1987)                                 4.000000
Life Is Beautiful (La Vita è bella) (1997)                4.000000
Inception (2010)                                          3.983871
Terminator 2: Judgment Day (1991)                         3.979167


SVD 
RODRIGO 
++++++++++++++++++++++++++++++++
Avengers The (2012)                                                            4.000000
Christmas Story A (1983)                                                       3.883795
Graduate The (1967)                                                            3.753746
Incredible Hulk The (2008)                                                     3.725881
Monty Python's The Meaning of Life (1983)                                      3.704132
Django Unchained (2012)                                                        3.701419
28 Days Later (2002)                                                           3.693068
Rocky Horror Picture Show The (1975)                                           3.567092
Young Frankenstein (1974)                                                      3.546709
The Devil's Advocate (1997)                                                    3.540296
City of God (Cidade de Deus) (2002)                                            3.531476
Road to Perdition (2002)                                                       3.471795
Raising Arizona (1987)                                                         3.448833
Full Metal Jacket (1987)                                                       3.373100
Blazing Saddles (1974)                                                         3.369000
Taxi Driver (1976)                                                             3.360495
Dr. Strangelove or: How I Learned to Stop Worrying and Love the Bomb (1964)    3.347741
Citizen Kane (1941)                                                            3.338921
Run Lola Run (Lola rennt) (1998)                                               3.325955
Mary Poppins (1964)                                                            3.319667
Rear Window (1954)                                                             3.308945
Black Hawk Down (2001)                                                         3.303749
Lady and the Tramp (1955)                                                      3.300236
Requiem for a Dream (2000)                                                     3.295130
My Cousin Vinny (1992)                                                         3.290709
Scream (1996)                                                                  3.288821
Life Is Beautiful (La Vita è bella) (1997)                                     3.284212
Sound of Music The (1965)                                                      3.277783
Blues Brothers The (1980)                                                      3.255513
Dark Knight Rises The (2012)                                                   3.254974
                                                                                 ...   
True Lies (1994)                                                               2.754507
Independence Day (a.k.a. ID4) (1996)                                           2.754245
Lion King The (1994)                                                           2.752637
Simpsons Movie The (2007)                                                      2.749706
Day After Tomorrow The (2004)                                                  2.744691
Matrix Reloaded The (2003)                                                     2.744234
There's Something About Mary (1998)                                            2.743119
Hook (1991)                                                                    2.735076
Terminal The (2004)                                                            2.726311
Kick-Ass (2010)                                                                2.723449
Terminator 3: Rise of the Machines (2003)                                      2.713473
Serenity (2005)                                                                2.701825
Mummy The (1999)                                                               2.701790
Star Wars: Episode I - The Phantom Menace (1999)                               2.700164
War of the Worlds (2005)                                                       2.685838
Starship Troopers (1997)                                                       2.675426
Rock The (1996)                                                                2.672986
Mummy Returns The (2001)                                                       2.670745
Superbad (2007)                                                                2.666249
King Kong (2005)                                                               2.647626
Miss Congeniality (2000)                                                       2.626556
Men in Black II (a.k.a. MIIB) (a.k.a. MIB 2) (2002)                            2.620091
Ocean's Twelve (2004)                                                          2.600783
Lucky Number Slevin (2006)                                                     2.541810
Fish Called Wanda A (1988)                                                     2.500000
It's a Wonderful Life (1946)                                                   2.500000
Cable Guy The (1996)                                                           2.500000
Chicago (2002)                                                                 2.500000
Shakespeare in Love (1998)                                                     2.500000
Watchmen (2009)                                                                2.474569



RAY
++++++++++++++++++++++++++++++++
Natural Born Killers (1994)                                  5.000000
Million Dollar Baby (2004)                                   4.500000
What's Eating Gilbert Grape (1993)                           4.382163
Emperor's New Groove The (2000)                              4.356125
Forgetting Sarah Marshall (2008)                             4.252943
Edge of Tomorrow (2014)                                      4.243027
50 First Dates (2004)                                        4.241834
Poltergeist (1982)                                           4.178553
X-Men: First Class (2011)                                    4.178250
Mulholland Drive (2001)                                      4.152108
8 Mile (2002)                                                4.150401
Iron Man 2 (2010)                                            4.149158
Indiana Jones and the Kingdom of the Crystal Skull (2008)    4.092539
Blow (2001)                                                  4.062068
Talented Mr. Ripley The (1999)                               4.057919
Hannibal (2001)                                              4.041099
From Dusk Till Dawn (1996)                                   4.013114
Donnie Brasco (1997)                                         4.000000
The Machinist (2004)                                         4.000000
True Romance (1993)                                          4.000000
Unforgiven (1992)                                            4.000000
Social Network The (2010)                                    3.996321
Naked Gun 33 1/3: The Final Insult (1994)                    3.992232
Gran Torino (2008)                                           3.983147
Game The (1997)                                              3.981153
Moulin Rouge (2001)                                          3.957643
Misery (1990)                                                3.942596
Graduate The (1967)                                          3.909166
Dodgeball: A True Underdog Story (2004)                      3.846672
Chicago (2002)                                               3.841305
                                                               ...   
Men in Black (a.k.a. MIB) (1997)                             3.259760
Jumanji (1995)                                               3.256964
Men in Black II (a.k.a. MIIB) (a.k.a. MIB 2) (2002)          3.252596
Ghost (1990)                                                 3.243902
Enemy of the State (1998)                                    3.237789
Signs (2002)                                                 3.236859
Independence Day (a.k.a. ID4) (1996)                         3.235442
Lost World: Jurassic Park The (1997)                         3.234990
Mask The (1994)                                              3.234744
Speed (1994)                                                 3.229385
Twister (1996)                                               3.227690
Star Wars: Episode I - The Phantom Menace (1999)             3.225744
Love Actually (2003)                                         3.220129
Life Aquatic with Steve Zissou The (2004)                    3.218084
Mummy The (1999)                                             3.210338
Harry Potter and the Chamber of Secrets (2002)               3.209672
Charlie's Angels (2000)                                      3.193424
Dragonheart (1996)                                           3.181268
Illusionist The (2006)                                       3.160110
Princess Mononoke (Mononoke-hime) (1997)                     3.133919
Robin Hood: Men in Tights (1993)                             3.127787
Face/Off (1997)                                              3.120729
Akira (1988)                                                 3.104920
Ace Ventura: When Nature Calls (95)                          3.058974
Santa Clause The (1994)                                      3.027715
Wild Wild West (1999)                                        3.007317
Pleasantville (1998)                                         2.962197
Goldfinger (1964)                                            2.671064
Corpse Bride (2005)                                          2.548714
This Is Spinal Tap (1984)                                    2.500000



GEOR
++++++++++++++++++++++++++++++++
Deer Hunter The (1978)                                   3.306015
Stand by Me (1986)                                       3.216559
12 Angry Men (1957)                                      3.048564
Interstellar (2014)                                      3.043836
Bowling for Columbine (2002)                             2.931411
High Fidelity (2000)                                     2.891563
The Martian (2015)                                       2.881269
Abyss The (1989)                                         2.862459
Cable Guy The (1996)                                     2.858275
Crow The (1994)                                          2.845474
Birds The (1963)                                         2.845073
Monty Python's The Meaning of Life (1983)                2.818903
Best in Show (2000)                                      2.796867
Monty Python's Life of Brian (1979)                      2.794898
Bad Boys (1995)                                          2.789932
Fistful of Dollars A (Per un pugno di dollari) (1964)    2.779399
Gran Torino (2008)                                       2.776167
Dazed and Confused (1993)                                2.769498
Kingsman: The Secret Service (2015)                      2.762749
Graduate The (1967)                                      2.758626
Platoon (1986)                                           2.751748
NeverEnding Story The (1984)                             2.751317
Donnie Brasco (1997)                                     2.747088
Sideways (2004)                                          2.741539
Fear and Loathing in Las Vegas (1998)                    2.736197
Emperor's New Groove The (2000)                          2.726983
True Romance (1993)                                      2.724277
Aviator The (2004)                                       2.721523
Akira (1988)                                             2.702070
Unforgiven (1992)                                        2.699863
                                                           ...   
Terminal The (2004)                                      2.384728
Ocean's Twelve (2004)                                    2.382282
Mummy The (1999)                                         2.380411
Grease (1978)                                            2.377573
You've Got Mail (1998)                                   2.374417
Miss Congeniality (2000)                                 2.373865
Da Vinci Code The (2006)                                 2.371823
Batman Forever (1995)                                    2.368437
Alien: Resurrection (1997)                               2.367393
Dodgeball: A True Underdog Story (2004)                  2.367301
What Women Want (2000)                                   2.364456
Last Action Hero (1993)                                  2.362208
Day After Tomorrow The (2004)                            2.361306
Clueless (1995)                                          2.359955
Demolition Man (1993)                                    2.359056
Liar Liar (1997)                                         2.358253
Lara Croft: Tomb Raider (2001)                           2.355572
Perfect Storm The (2000)                                 2.353060
Cliffhanger (1993)                                       2.350246
Erin Brockovich (2000)                                   2.347555
Jungle Book The (1967)                                   2.341307
Charlie's Angels (2000)                                  2.337846
National Treasure (2004)                                 2.337112
Enemy of the State (1998)                                2.324439
Mask of Zorro The (1998)                                 2.316201
Ghostbusters II (1989)                                   2.308471
Net The (1995)                                           2.297455
Cars (2006)                                              2.288838
Galaxy Quest (1999)                                      2.278453
Madagascar (2005)                                        2.204428

GABY
++++++++++++++++++++++++++++++++
Peter Pan (1953)                                                        4.141537
Mystic River (2003)                                                     4.000000
Shutter Island (2010)                                                   4.000000
To Kill a Mockingbird (1962)                                            4.000000
Addams Family Values (1993)                                             4.000000
No Country for Old Men (2007)                                           4.000000
Elf (2003)                                                              3.913990
It's a Wonderful Life (1946)                                            3.850391
Moulin Rouge (2001)                                                     3.839591
Wedding Singer The (1998)                                               3.769897
Edge of Tomorrow (2014)                                                 3.756412
Clueless (1995)                                                         3.737211
Labyrinth (1986)                                                        3.731948
Jungle Book The (1967)                                                  3.716139
Christmas Story A (1983)                                                3.638989
Iron Man 2 (2010)                                                       3.618914
Dark Knight Rises The (2012)                                            3.613737
Kick-Ass (2010)                                                         3.602853
When Harry Met Sally... (1989)                                          3.564782
Napoleon Dynamite (2004)                                                3.562782
Love Actually (2003)                                                    3.559296
Die Hard: With a Vengeance (1995)                                       3.543063
Black Hawk Down (2001)                                                  3.529078
City of God (Cidade de Deus) (2002)                                     3.523794
Hunt for Red October The (1990)                                         3.500000
Erin Brockovich (2000)                                                  3.500000
Blazing Saddles (1974)                                                  3.500000
Lara Croft: Tomb Raider (2001)                                          3.500000
Bambi (1942)                                                            3.500000
Knight's Tale A (2001)                                                  3.500000
                                                                          ...   
Independence Day (a.k.a. ID4) (1996)                                    3.053801
Seven (a.k.a. Se7en) (1995)                                             3.051118
Citizen Kane (1941)                                                     3.048227
Ace Ventura: When Nature Calls (95)                                     3.027176
National Treasure (2004)                                                3.016577
Mask The (1994)                                                         3.015303
War of the Worlds (2005)                                                3.012470
Matrix Reloaded The (2003)                                              3.000502
Bowling for Columbine (2002)                                            2.992348
Star Wars: Episode II - Attack of the Clones (2002)                     2.985690
Zombieland (2009)                                                       2.972939
Transformers (2007)                                                     2.970222
Equilibrium (2002)                                                      2.960356
Stargate (1994)                                                         2.957435
Hellboy (2004)                                                          2.940826
Good the Bad and the Ugly The (Buono il brutto il cattivo Il) (1966)    2.909788
Ghostbusters II (1989)                                                  2.906663
Mummy Returns The (2001)                                                2.877385
Kung Fu Panda (2008)                                                    2.865024
Lock Stock & Two Smoking Barrels (1998)                                 2.825093
Die Hard 2 (1990)                                                       2.798899
Fantastic Four (2005)                                                   2.796121
Mask of Zorro The (1998)                                                2.792655
Collateral (2004)                                                       2.777630
Training Day (2001)                                                     2.771441
Batman Returns (1992)                                                   2.752297
Predator (1987)                                                         2.744135
Planet of the Apes (2001)                                               2.658109
Hero (Ying xiong) (2002)                                                2.648505
Galaxy Quest (1999)                                                     2.412537













